STT,Ma_cty,Ngay,Gia_tham_chieu,Len_xuong,Phan_tram,Dong_cua,Khoi_luong,Mo_cua,Cao_nhat,Thap_nhat,Giao_dich_thoa_thuan,Nuoc_ngoai_mua,Nuoc_ngoai_ban
#1,ABR,29-04-2021,22.10,1.70,7.69%,23.80,100,23.80,23.80,23.80,0,0,0
#2,ABR,28-04-2021,24.20,-2.10,-8.68%,22.10,400,22.10,22.10,22.10,0,0,0
#3,ABR,27-04-2021,22,2.20,10%,24.20,100,24.20,24.20,24.20,0,0,0
#4,ABR,26-04-2021,21.30,2.60,12.21%,23.90,"8,200",23.50,23.90,22,0,0,0
#5,ABR,23-04-2021,23.80,0.20,0.84%,24,"6,003",20.60,24,20.30,0,0,0
#6,ABR,22-04-2021,23.70,0.20,0.84%,23.90,"5,200",22.50,24.10,22.50,0,0,0
#7,ABR,20-04-2021,23.70,0,0%,23.70,0,23.70,23.70,23.70,0,0,0
#8,ABR,19-04-2021,23.60,-0.10,-0.42%,23.50,200,23.90,23.90,23.50,0,0,0
#9,ABR,16-04-2021,22.30,-0.30,-1.35%,22,"7,200",22.50,24.80,21.60,0,0,0
#10,ABR,15-04-2021,22.30,0,0%,22.30,0,22.30,22.30,22.30,0,0,0
#11,ABR,14-04-2021,24,-1.70,-7.08%,22.30,"1,700",23,23,21.80,0,0,0
#12,ABR,13-04-2021,24.30,-0.30,-1.23%,24,"2,000",24,24,24,0,0,0
#13,ABR,12-04-2021,24.60,-0.60,-2.44%,24,"3,100",26,26.10,22,0,0,0
#14,ABR,09-04-2021,24.80,-0.20,-0.81%,24.60,"2,800",24.70,24.70,24.60,0,0,0
#15,ABR,08-04-2021,25.20,-0.40,-1.59%,24.80,"2,500",24.80,24.90,24.80,0,0,0
#16,ABR,07-04-2021,26,-1.10,-4.23%,24.90,"6,400",24.90,25.90,24.90,0,0,0
#17,ABR,06-04-2021,24.60,0.30,1.22%,24.90,"7,100",24.70,27.50,21,"2,900,000","2,900,000",0
#18,ABR,05-04-2021,24.50,0.10,0.41%,24.60,"4,300",24.60,24.60,24.60,0,0,0
#19,ABR,02-04-2021,26.20,-1.60,-6.11%,24.60,"3,600",24.60,24.60,24.50,0,0,0
#20,ABR,01-04-2021,26.20,0,0%,26.20,0,26.20,26.20,26.20,0,0,0
#21,ABR,31-03-2021,25,-1.90,-7.60%,23.10,"2,600",26.30,26.30,23.10,0,0,0
#22,ABR,30-03-2021,27.20,-0.80,-2.94%,26.40,400,23.60,26.40,23.60,0,0,0
#23,ABR,29-03-2021,27.20,0,0%,27.20,0,27.20,27.20,27.20,0,0,0
#24,ABR,26-03-2021,27.20,0,0%,27.20,0,27.20,27.20,27.20,0,0,0
#25,ABR,25-03-2021,24.10,3.10,12.86%,27.20,100,27.20,27.20,27.20,0,0,0
#26,ABR,24-03-2021,24.50,3.10,12.65%,27.60,"7,500",24,27.60,22.50,0,0,0
#27,ABR,23-03-2021,28.70,1.10,3.83%,29.80,"12,700",24.60,29.80,24.40,0,0,0
#28,ABR,22-03-2021,28.70,0,0%,28.70,"2,400",28.50,28.70,28.50,0,0,0
#29,ABR,19-03-2021,32.60,-4.10,-12.58%,28.50,"13,640",32.60,36.50,27.80,0,0,0
#30,ABR,18-03-2021,28.40,4.20,14.79%,32.60,"15,714",32.60,32.60,32.50,0,0,0
#31,ABR,17-03-2021,25,3.70,14.80%,28.70,"2,601",27.50,28.70,27.50,0,0,0
#32,ABR,16-03-2021,21.80,3.20,14.68%,25,"13,700",25,25,24.80,0,0,0
#33,ABR,15-03-2021,22.40,-0.60,-2.68%,21.80,200,21.80,21.80,21.80,0,0,0
#34,ABR,12-03-2021,22.40,0,0%,22.40,0,22.40,22.40,22.40,0,0,0
#35,ABR,11-03-2021,24.30,-3.20,-13.17%,21.10,500,27.80,27.80,21.10,0,0,0
#36,ABR,10-03-2021,23.70,-1.60,-6.75%,22.10,200,26.40,26.40,22.10,0,0,0
#37,ABR,09-03-2021,23.50,-2.50,-10.64%,21,200,26.40,26.40,21,0,0,0
#38,ABR,08-03-2021,23.10,-2.60,-11.26%,20.50,200,0,26.40,20.50,0,0,0
#39,ABR,05-03-2021,23.10,0,0%,23.10,0,23.10,23.10,23.10,0,0,0
#40,ABR,04-03-2021,26.50,-3.40,-12.83%,23.10,"1,000",23.10,23.10,23.10,0,0,0
#41,ABR,03-03-2021,28.50,0.50,1.75%,29,"17,000",26.80,29,24.30,0,0,0
#42,ABR,02-03-2021,28.50,0,0%,28.50,0,28.50,28.50,28.50,0,0,0
#43,ABR,01-03-2021,28.50,0,0%,28.50,0,28.50,28.50,28.50,0,0,0
#44,ABR,26-02-2021,28.50,0,0%,28.50,0,28.50,28.50,28.50,0,0,0
#45,ABR,25-02-2021,28.50,0,0%,28.50,0,28.50,28.50,28.50,0,0,0
#46,ABR,24-02-2021,28.50,0,0%,28.50,300,28.50,28.50,28.50,0,0,0
#47,ABR,23-02-2021,28.50,0,0%,28.50,100,28.50,28.50,28.50,0,0,0
#48,ABR,22-02-2021,28.50,0,0%,28.50,100,28.50,28.50,28.50,0,0,0
#49,ABR,19-02-2021,24.80,3.70,14.92%,28.50,500,0,28.50,24.80,0,0,0
#50,ABR,18-02-2021,24.80,0,0%,24.80,0,0,0,0,0,0,0
#51,ABR,17-02-2021,24.80,0,0%,24.80,100,24.80,24.80,24.80,0,0,0
#52,ABR,09-02-2021,24.80,0,0%,24.80,400,24.80,24.80,24.80,0,0,0
#53,ABR,08-02-2021,21.80,3,13.76%,24.80,400,0,24.80,24.80,0,0,0
#54,ABR,05-02-2021,19,2.80,14.74%,21.80,100,21.80,21.80,21.80,0,0,0
#55,ABR,04-02-2021,22,-3,-13.64%,19,"18,000",19.10,19.10,18.70,0,0,0
#56,ABR,03-02-2021,25.50,-3.50,-13.73%,22,"10,200",22,25.30,22,0,0,0
#57,ABR,02-02-2021,29.90,-4.40,-14.72%,25.50,600,25.50,25.50,25.50,0,0,0
#58,ABR,01-02-2021,29.90,0,0%,29.90,0,0,0,0,0,0,0
#59,ABR,29-01-2021,29.90,0,0%,29.90,0,29.90,29.90,29.90,0,0,0
#60,ABR,28-01-2021,29.90,0,0%,29.90,0,29.90,29.90,29.90,0,0,0
#61,ABR,27-01-2021,29.90,0,0%,29.90,0,29.90,29.90,29.90,0,0,0
#62,ABR,26-01-2021,29.90,0,0%,29.90,0,29.90,29.90,29.90,0,0,0
#63,ABR,25-01-2021,29.90,0,0%,29.90,0,29.90,29.90,29.90,0,0,0
#64,ABR,22-01-2021,29.90,0,0%,29.90,0,0,0,0,0,0,0
#65,ABR,21-01-2021,29.90,0,0%,29.90,0,29.90,29.90,29.90,0,0,0
#66,ABR,20-01-2021,29.90,0,0%,29.90,0,29.90,29.90,29.90,0,0,0
#67,ABR,19-01-2021,27.90,2,7.17%,29.90,100,29.90,29.90,29.90,0,0,0
#68,ABR,18-01-2021,27.90,0,0%,27.90,"11,100",24.80,27.90,24.80,0,0,0
#69,ABR,15-01-2021,24.80,3.10,12.50%,27.90,100,27.90,27.90,27.90,0,0,0
#70,ABR,14-01-2021,22.20,2.60,11.71%,24.80,100,24.80,24.80,24.80,0,0,0
#71,ABR,13-01-2021,25.60,-3.40,-13.28%,22.20,"5,200",23,23,22.10,0,0,0
#72,ABR,12-01-2021,25.60,0,0%,25.60,0,25.60,0,0,0,0,0
#73,ABR,11-01-2021,25.60,0,0%,25.60,0,25.60,0,0,0,0,0
#74,ABR,08-01-2021,25.60,0,0%,25.60,0,25.60,25.60,25.60,0,0,0
#75,ABR,07-01-2021,25.50,0.10,0.39%,25.60,0,25.60,0,0,0,0,0
#76,ABR,06-01-2021,25.50,0,0%,25.50,"2,000",25.50,27.10,25.50,0,0,0
#77,ABR,05-01-2021,25,0.50,2%,25.50,400,25.50,25.50,25.50,0,0,0
#78,ABR,04-01-2021,25,0,0%,25,0,0,0,0,0,0,0
#79,ABR,31-12-2020,29.20,-4.20,-14.38%,25,"24,200",25,25,25,0,0,0
#80,ABR,30-12-2020,29.20,0,0%,29.20,0,29.20,29.20,29.20,0,0,0
#81,ABR,29-12-2020,29.20,0,0%,29.20,0,29.20,29.20,29.20,0,0,0
#82,ABR,28-12-2020,26.10,3.10,11.88%,29.20,100,29.20,29.90,29.20,"22,100",0,0
#83,ABR,25-12-2020,26.10,0,0%,26.10,0,0,0,0,0,0,0
#84,ABR,24-12-2020,29.30,-3.20,-10.92%,26.10,100,26.10,26.10,26.10,0,0,0
#85,ABR,23-12-2020,29.40,-0.10,-0.34%,29.30,"22,300",29.30,29.30,22.80,0,0,0
#86,ABR,22-12-2020,29.40,0,0%,29.40,743,29.30,29.40,25.10,0,0,0
#87,ABR,21-12-2020,29.40,0,0%,29.40,0,29.40,29.40,29.40,0,0,0
#88,ABR,18-12-2020,29.40,0,0%,29.40,0,0,0,0,0,0,0
#89,ABR,17-12-2020,29.40,0,0%,29.40,0,29.40,29.40,29.40,0,0,0
#90,ABR,16-12-2020,28,1.40,5%,29.40,300,29.40,29.40,29.40,0,0,0
#91,ABR,15-12-2020,28,0,0%,28,0,28,28,28,0,0,0
#92,ABR,14-12-2020,28,0,0%,28,0,28,28,28,"22,100",0,0
#93,ABR,11-12-2020,28,0,0%,28,0,28,28,28,0,0,0
#94,ABR,10-12-2020,28,0,0%,28,0,28,28,28,0,0,0
#95,ABR,09-12-2020,28,0,0%,28,0,28,28,28,"22,100",0,0
#96,ABR,08-12-2020,28,0,0%,28,0,28,28,28,0,0,0
#97,ABR,07-12-2020,28,0,0%,28,0,28,28,28,0,0,0
#98,ABR,04-12-2020,28,0,0%,28,0,28,28,28,0,0,0
#99,ABR,03-12-2020,28,0,0%,28,0,0,0,0,0,0,0
#100,ABR,02-12-2020,28,0,0%,28,0,0,0,0,0,0,0
